%YAML:1.0
---
initial_longitude: 8.5455940000
initial_latitude: 47.3977419000
initial_altitude: 534.2439155640
coordinate_mode: "NWU" 