%YAML:1.0
---
initial_longitude: 8.5455943000
initial_latitude: 47.3977419000
initial_altitude: 535.2429151455
coordinate_mode: "NWU" 