%YAML:1.0
---
initial_longitude: -122.1381649000
initial_latitude: 47.6414685000
initial_altitude: 98.5721990210
coordinate_mode: "NWU" 